T = 50000
Initial pi:
0.0341441 0.0341441 0.036015 0.0388213 0.0364827 0.0350795 0.0374181 0.0397568 0.0374181 0.0383536 0.0383536 0.0346118 0.0346118 0.0364827 0.0383536 0.0402245 0.0369504 0.036015 0.0397568 0.0355472 0.0402245 0.0364827 0.0388213 0.0374181 0.0374181 0.0341441 0.0369504 , sum=1
Initial A:
0.0356977 0.0398702 0.0347705 0.0338433 0.0375522 0.0361613 0.0356977 0.0361613 0.0398702 0.0384794 0.0394066 0.0352341 0.0398702 0.0356977 0.0384794 0.0338433 0.0384794 0.0380158 0.0375522 0.0347705 0.0384794 0.0366249 0.0347705 0.0384794 0.0403338 0.0370885 0.0347705 , sum=1
0.0356979 0.0343249 0.0370709 0.0393593 0.0389016 0.0334096 0.0356979 0.0338673 0.0389016 0.0356979 0.0398169 0.0379863 0.0366133 0.0366133 0.0338673 0.0370709 0.0343249 0.0398169 0.0370709 0.0370709 0.0375286 0.0366133 0.0398169 0.0384439 0.0398169 0.0366133 0.0379863 , sum=1
0.0390516 0.037192 0.0362622 0.0353324 0.0385867 0.0399814 0.0357973 0.0357973 0.0381218 0.0339377 0.0390516 0.0367271 0.0390516 0.0381218 0.0353324 0.0344026 0.037192 0.0390516 0.0353324 0.0357973 0.0362622 0.0395165 0.0367271 0.0376569 0.0362622 0.0385867 0.0348675 , sum=1
0.0393487 0.0379919 0.0388964 0.0388964 0.0361827 0.0330167 0.0375396 0.0384441 0.0352782 0.0388964 0.0352782 0.0361827 0.0357304 0.0370873 0.0393487 0.036635 0.0352782 0.0339213 0.0379919 0.0388964 0.0361827 0.0357304 0.0339213 0.0393487 0.0370873 0.0393487 0.0375396 , sum=1
0.0383895 0.0388577 0.0374532 0.0360487 0.0365169 0.036985 0.0374532 0.0355805 0.0355805 0.034176 0.0402622 0.0393258 0.036985 0.0360487 0.0351124 0.0388577 0.0402622 0.0374532 0.0346442 0.0346442 0.034176 0.0351124 0.0388577 0.039794 0.0374532 0.0393258 0.0346442 , sum=1
0.0402999 0.0384255 0.0393627 0.0374883 0.0374883 0.0356139 0.0342081 0.0365511 0.0374883 0.0374883 0.0351453 0.0374883 0.0374883 0.0384255 0.0374883 0.0379569 0.0360825 0.0356139 0.0346767 0.0374883 0.0384255 0.0398313 0.0370197 0.0346767 0.0360825 0.0351453 0.0365511 , sum=1
0.0344026 0.0390516 0.0381218 0.0381218 0.0339377 0.0353324 0.0399814 0.037192 0.0344026 0.0385867 0.0404463 0.0344026 0.0376569 0.0353324 0.0399814 0.0353324 0.0348675 0.0362622 0.037192 0.0385867 0.037192 0.0376569 0.037192 0.0357973 0.037192 0.037192 0.0385867 , sum=1
0.0344353 0.0353535 0.0394858 0.0353535 0.0376492 0.0348944 0.0376492 0.0348944 0.0376492 0.0344353 0.0362718 0.0358127 0.0339761 0.0399449 0.0385675 0.0371901 0.0399449 0.0385675 0.0399449 0.0348944 0.0385675 0.0390266 0.0353535 0.0399449 0.0367309 0.0348944 0.0385675 , sum=1
0.0353653 0.036296 0.0390879 0.0390879 0.0381573 0.0358306 0.0353653 0.0339693 0.0376919 0.0353653 0.0339693 0.0395533 0.0339693 0.0395533 0.0404839 0.0353653 0.0344346 0.0344346 0.0349 0.0386226 0.0390879 0.036296 0.0358306 0.0404839 0.0381573 0.0404839 0.0381573 , sum=1
0.0381395 0.0344186 0.0372093 0.0353488 0.0344186 0.0367442 0.035814 0.0353488 0.0339535 0.0376744 0.0390698 0.0367442 0.0339535 0.0404651 0.0372093 0.0344186 0.0404651 0.0381395 0.0381395 0.0395349 0.0348837 0.035814 0.0367442 0.0404651 0.0372093 0.0404651 0.0372093 , sum=1
0.0405469 0.0405469 0.0372466 0.0353607 0.0358322 0.0344177 0.0353607 0.0367751 0.0377181 0.0344177 0.0400754 0.0410184 0.0377181 0.0344177 0.0377181 0.0348892 0.0367751 0.0400754 0.0348892 0.0348892 0.0367751 0.0344177 0.0353607 0.0381895 0.0410184 0.0358322 0.0377181 , sum=1
0.0339605 0.0339605 0.0385498 0.0376319 0.0399266 0.0390087 0.0380909 0.0335016 0.0348784 0.037173 0.0357962 0.0385498 0.0399266 0.037173 0.0390087 0.0357962 0.0390087 0.0362552 0.0394676 0.0399266 0.0380909 0.0335016 0.037173 0.0390087 0.0335016 0.037173 0.0339605 , sum=1
0.0372585 0.0381785 0.0395584 0.0377185 0.0390984 0.0344986 0.0367985 0.0340386 0.0340386 0.0372585 0.0363385 0.0395584 0.0395584 0.0340386 0.0354186 0.0354186 0.0386385 0.0390984 0.0340386 0.0358786 0.0400184 0.0395584 0.0344986 0.0354186 0.0400184 0.0377185 0.0363385 , sum=1
0.0357807 0.0390335 0.0362454 0.0348513 0.0381041 0.0394981 0.0399628 0.03671 0.0343866 0.0362454 0.0339219 0.0339219 0.0343866 0.0381041 0.0399628 0.03671 0.0371747 0.0343866 0.0381041 0.0376394 0.0385688 0.0390335 0.0399628 0.0404275 0.0348513 0.0348513 0.0371747 , sum=1
0.0349386 0.0349386 0.0344665 0.0358829 0.0410765 0.0396601 0.0358829 0.0344665 0.0401322 0.0354108 0.0382436 0.0358829 0.0377715 0.0377715 0.0344665 0.0368272 0.0368272 0.0358829 0.0406043 0.0396601 0.0354108 0.0410765 0.0354108 0.0377715 0.0363551 0.0372993 0.0358829 , sum=1
0.0373961 0.0387812 0.0397045 0.0378578 0.034626 0.0350877 0.0369344 0.0337027 0.0401662 0.0378578 0.0378578 0.0383195 0.0341644 0.0360111 0.0341644 0.034626 0.0350877 0.0383195 0.0369344 0.034626 0.0369344 0.0378578 0.0373961 0.0378578 0.0392428 0.0392428 0.0392428 , sum=1
0.0395349 0.0376744 0.0376744 0.0395349 0.0353488 0.04 0.0348837 0.0344186 0.0372093 0.0390698 0.0348837 0.0372093 0.0339535 0.0348837 0.0372093 0.0372093 0.035814 0.0372093 0.0362791 0.04 0.0376744 0.0339535 0.0386047 0.0339535 0.0386047 0.0372093 0.04 , sum=1
0.0386562 0.0335941 0.0368155 0.0377358 0.0372757 0.0391164 0.0354349 0.0349747 0.0368155 0.0345145 0.0340543 0.038196 0.0386562 0.0395766 0.0345145 0.038196 0.0395766 0.0368155 0.0391164 0.038196 0.038196 0.038196 0.0349747 0.0335941 0.0354349 0.0395766 0.038196 , sum=1
0.0336406 0.035023 0.037788 0.0382488 0.0391705 0.0345622 0.0387097 0.0391705 0.0354839 0.035023 0.0396313 0.0368664 0.0354839 0.0364055 0.0341014 0.0400922 0.0345622 0.0368664 0.0345622 0.0364055 0.0391705 0.0359447 0.0373272 0.0400922 0.037788 0.0391705 0.0387097 , sum=1
0.0377706 0.0368494 0.0400737 0.0382312 0.0377706 0.0336251 0.0336251 0.0368494 0.0368494 0.0359281 0.0345463 0.0363888 0.0391525 0.0368494 0.0391525 0.0396131 0.0368494 0.0396131 0.0368494 0.0336251 0.0354675 0.0382312 0.0377706 0.0354675 0.0400737 0.0382312 0.0345463 , sum=1
0.0364656 0.0392707 0.0397382 0.0355306 0.0397382 0.0364656 0.0345956 0.0369331 0.0374007 0.0359981 0.0359981 0.0369331 0.0406732 0.0406732 0.0364656 0.0364656 0.0345956 0.0345956 0.0383357 0.0355306 0.0341281 0.0378682 0.0345956 0.0350631 0.0374007 0.0383357 0.0402057 , sum=1
0.0353698 0.0358291 0.0399633 0.0339917 0.0395039 0.0349104 0.0353698 0.0390446 0.0353698 0.0395039 0.0344511 0.0399633 0.0376665 0.0395039 0.0335324 0.0385852 0.0367478 0.0395039 0.0367478 0.0335324 0.0395039 0.0381259 0.0376665 0.0335324 0.0362885 0.0367478 0.0390446 , sum=1
0.0381928 0.0372613 0.0363298 0.0381928 0.0395901 0.0377271 0.0367955 0.0377271 0.0349325 0.0349325 0.0349325 0.0353982 0.0377271 0.0340009 0.0405217 0.0363298 0.0349325 0.0372613 0.035864 0.0353982 0.0377271 0.0400559 0.0395901 0.035864 0.0372613 0.0377271 0.0377271 , sum=1
0.0363141 0.0358602 0.0381298 0.036768 0.0349523 0.0358602 0.037222 0.0349523 0.0385837 0.0363141 0.0390377 0.0358602 0.0390377 0.0363141 0.0354063 0.0394916 0.0394916 0.0358602 0.036768 0.0363141 0.0358602 0.0394916 0.0385837 0.036768 0.0381298 0.0354063 0.037222 , sum=1
0.0388128 0.0360731 0.0342466 0.0369863 0.039726 0.0369863 0.0365297 0.0392694 0.0378995 0.0351598 0.0392694 0.0374429 0.0392694 0.0356164 0.039726 0.0356164 0.0365297 0.0383562 0.0333333 0.0392694 0.0360731 0.0388128 0.0342466 0.0374429 0.0374429 0.0356164 0.0342466 , sum=1
0.0371389 0.0366804 0.0339294 0.03989 0.0343879 0.0385144 0.0362219 0.0394315 0.0366804 0.0339294 0.0385144 0.0375974 0.0394315 0.0343879 0.0339294 0.0339294 0.0366804 0.0366804 0.0371389 0.0357634 0.0380559 0.0366804 0.0394315 0.0375974 0.03989 0.0385144 0.0389729 , sum=1
0.0396862 0.0364559 0.0387633 0.0396862 0.0369174 0.0359945 0.0396862 0.0383018 0.0364559 0.0346101 0.0350715 0.0383018 0.0350715 0.0346101 0.0350715 0.0373789 0.0373789 0.0350715 0.0401477 0.0378403 0.0383018 0.0346101 0.035533 0.0383018 0.0378403 0.035533 0.0373789 , sum=1
Initial B^T:
a 0.0379569 0.0393701 0.0386207 0.0401307 0.0364066 0.0362885 0.03379 0.0359779 0.0386766 0.0362117 0.0393701 0.0351201 0.0374883 0.035533 0.0381434 0.0362117 0.0400932 0.0343228 0.0394798 0.036608 0.0398313 0.0348116 0.0403756 0.0394676 0.037799 0.0377537 0.0385852 
b 0.0384255 0.0402964 0.0386207 0.0377975 0.0368794 0.0358291 0.0365297 0.0392066 0.0386766 0.036676 0.0370542 0.0369686 0.0351453 0.0359945 0.0390625 0.0343547 0.0377622 0.0357143 0.0348351 0.0384615 0.0374883 0.0376729 0.0375587 0.0380909 0.0363636 0.0391694 0.0381259 
c 0.0374883 0.0398333 0.0354023 0.0368642 0.0411348 0.0344511 0.0351598 0.0401292 0.0354147 0.0338904 0.0352015 0.034658 0.0393627 0.0369174 0.0344669 0.036676 0.0382284 0.0403525 0.0380864 0.0356812 0.0393627 0.0348116 0.0366197 0.0362552 0.0368421 0.0349221 0.0353698 
d 0.0346767 0.0375174 0.0363218 0.0349977 0.0345154 0.0399633 0.0374429 0.0387454 0.0354147 0.0338904 0.0342751 0.0383549 0.0365511 0.0392247 0.0381434 0.0348189 0.0382284 0.0347866 0.0390153 0.0361446 0.0370197 0.0367191 0.0342723 0.0335016 0.0382775 0.0391694 0.0362885 
e 0.0342081 0.036591 0.0372414 0.034531 0.0387707 0.0358291 0.0333333 0.0378229 0.0349487 0.036676 0.0356647 0.0383549 0.0365511 0.0387633 0.0367647 0.038533 0.0382284 0.0384972 0.0380864 0.0361446 0.0370197 0.0362423 0.0403756 0.0376319 0.0349282 0.0349221 0.0395039 
f 0.0360825 0.0398333 0.0372414 0.0349977 0.035461 0.0381259 0.0388128 0.0382841 0.0372787 0.036676 0.0379805 0.0351201 0.0351453 0.0378403 0.0340074 0.0371402 0.039627 0.0380334 0.0371575 0.0403151 0.0370197 0.0414878 0.0347418 0.0367141 0.038756 0.0344502 0.0372072 
g 0.0407685 0.0398333 0.0390805 0.0405973 0.0345154 0.0362885 0.0351598 0.0387454 0.0377446 0.0362117 0.0379805 0.0378928 0.0346767 0.0369174 0.0367647 0.038533 0.0354312 0.0403525 0.0357641 0.0384615 0.0351453 0.0357654 0.0375587 0.0385498 0.0416268 0.035866 0.0339917 
h 0.0346767 0.0342751 0.0395402 0.034531 0.0382979 0.0399633 0.0369863 0.0355166 0.0368127 0.0380687 0.0352015 0.0392791 0.0402999 0.0396862 0.0381434 0.0389972 0.0344988 0.0347866 0.0394798 0.0356812 0.0365511 0.0400572 0.0394366 0.0348784 0.0349282 0.0405852 0.0367478 
i 0.0356139 0.036591 0.0344828 0.0387308 0.0364066 0.0367478 0.0388128 0.0373616 0.0340168 0.0371402 0.0342751 0.0397412 0.0374883 0.0336871 0.0367647 0.0362117 0.0368298 0.0352505 0.0362285 0.034291 0.0360825 0.0352885 0.0403756 0.0380909 0.037799 0.035866 0.0376665 
j 0.0342081 0.0356647 0.0358621 0.0373308 0.0349882 0.0367478 0.0356164 0.0359779 0.0372787 0.0371402 0.0347383 0.0397412 0.0388941 0.0364559 0.0376838 0.0376045 0.0386946 0.0375696 0.0339062 0.034291 0.0342081 0.0405341 0.0356808 0.037173 0.0382775 0.0401133 0.0339917 
k 0.0365511 0.0352015 0.034023 0.0354643 0.0359338 0.0367478 0.0388128 0.0373616 0.0405405 0.0376045 0.0361278 0.0355823 0.0370197 0.0383018 0.0399816 0.036676 0.0391608 0.0357143 0.0371575 0.0356812 0.0402999 0.0357654 0.0361502 0.0390087 0.0382775 0.0377537 0.0339917 
l 0.0398313 0.0361278 0.0335632 0.0349977 0.0368794 0.0381259 0.0383562 0.0341328 0.0372787 0.0380687 0.0347383 0.0397412 0.0398313 0.0359945 0.0367647 0.036676 0.0368298 0.0371058 0.0371575 0.034291 0.0384255 0.0352885 0.0352113 0.0357962 0.0349282 0.0382256 0.0362885 
m 0.0370197 0.036591 0.0358621 0.0359309 0.0359338 0.0372072 0.0388128 0.0364391 0.0349487 0.038533 0.0402964 0.034658 0.0342081 0.0369174 0.0399816 0.0362117 0.034965 0.038961 0.0343706 0.0338276 0.0374883 0.0376729 0.0389671 0.0394676 0.037799 0.035866 0.0399633 
n 0.0342081 0.0389069 0.0390805 0.0373308 0.0378251 0.0353698 0.0356164 0.0382841 0.0358807 0.0389972 0.0347383 0.0360444 0.0388941 0.0401477 0.0349265 0.036676 0.034965 0.0371058 0.0339062 0.0393883 0.0402999 0.0405341 0.0361502 0.0367141 0.0368421 0.035866 0.0367478 
o 0.0393627 0.0361278 0.0358621 0.0363976 0.035461 0.0358291 0.039726 0.0355166 0.0386766 0.0362117 0.0398333 0.0360444 0.0374883 0.0369174 0.0358456 0.0371402 0.037296 0.0371058 0.0362285 0.0356812 0.0374883 0.0381497 0.0389671 0.0353373 0.0368421 0.035866 0.0390446 
p 0.0351453 0.0338119 0.0372414 0.0373308 0.0378251 0.0372072 0.039726 0.0373616 0.0396086 0.0376045 0.0402964 0.0397412 0.0351453 0.0392247 0.0344669 0.0338904 0.039627 0.033859 0.0343706 0.0370714 0.0346767 0.0362423 0.0347418 0.0357962 0.0363636 0.0344502 0.0381259 
q 0.0407685 0.0352015 0.0386207 0.0387308 0.0378251 0.0390446 0.03379 0.0355166 0.0391426 0.0394615 0.0356647 0.038817 0.0356139 0.0369174 0.0390625 0.0389972 0.0358974 0.0371058 0.0380864 0.0398517 0.0360825 0.0376729 0.0356808 0.0357962 0.0411483 0.0396413 0.0358291 
r 0.0346767 0.0361278 0.0381609 0.039664 0.0397163 0.0385852 0.0369863 0.0364391 0.0344828 0.0376045 0.0347383 0.0378928 0.0360825 0.0346101 0.0363051 0.0394615 0.0400932 0.0371058 0.0380864 0.0393883 0.0351453 0.0352885 0.0370892 0.0367141 0.0363636 0.0344502 0.0358291 
s 0.0374883 0.036591 0.034023 0.0373308 0.0373522 0.0376665 0.0392694 0.0350554 0.0400746 0.0380687 0.0389069 0.0360444 0.0398313 0.0383018 0.0372243 0.0362117 0.0377622 0.0394249 0.0371575 0.0361446 0.0346767 0.0376729 0.0366197 0.0367141 0.0349282 0.0410571 0.0358291 
t 0.0388941 0.0361278 0.0363218 0.0359309 0.0359338 0.0372072 0.0374429 0.0373616 0.0386766 0.0357474 0.0370542 0.0397412 0.0346767 0.0369174 0.0372243 0.0348189 0.0344988 0.0343228 0.0371575 0.0393883 0.0374883 0.0381497 0.0403756 0.0385498 0.0368421 0.0363379 0.0381259 
u 0.0374883 0.0347383 0.0386207 0.0359309 0.035461 0.0353698 0.0342466 0.0359779 0.0340168 0.036676 0.036591 0.0360444 0.0388941 0.0396862 0.0399816 0.038533 0.037296 0.0366419 0.0404087 0.0347544 0.0360825 0.0376729 0.0375587 0.0357962 0.0368421 0.035866 0.0385852 
v 0.0356139 0.0398333 0.0381609 0.0354643 0.0397163 0.0385852 0.0369863 0.0396679 0.0340168 0.0352832 0.0379805 0.0365065 0.0342081 0.0350715 0.0381434 0.0343547 0.0354312 0.0366419 0.0343706 0.0384615 0.0374883 0.037196 0.0375587 0.0357962 0.0368421 0.0396413 0.0367478 
w 0.0370197 0.0352015 0.0395402 0.034531 0.0349882 0.0362885 0.0392694 0.0364391 0.0354147 0.0338904 0.0402964 0.0369686 0.0388941 0.0387633 0.0386029 0.0357474 0.0382284 0.0394249 0.0394798 0.0375348 0.0360825 0.0348116 0.0342723 0.0362552 0.0368421 0.0349221 0.0367478 
x 0.0370197 0.0375174 0.04 0.0359309 0.0397163 0.0367478 0.0365297 0.0378229 0.0400746 0.0371402 0.0393701 0.0341959 0.0374883 0.0336871 0.0367647 0.0348189 0.0340326 0.033859 0.0371575 0.0384615 0.0351453 0.0352885 0.0375587 0.0362552 0.0358852 0.0353941 0.0367478 
y 0.0379569 0.0361278 0.0344828 0.039664 0.0349882 0.0344511 0.0378995 0.0341328 0.0349487 0.0389972 0.0370542 0.0360444 0.0374883 0.035533 0.0340074 0.0399257 0.0363636 0.0394249 0.0362285 0.0393883 0.0388941 0.0362423 0.0347418 0.0399266 0.0354067 0.0391694 0.0362885 
z 0.0393627 0.0375174 0.034023 0.0401307 0.0378251 0.0381259 0.039726 0.0401292 0.0363467 0.0371402 0.0347383 0.0369686 0.0374883 0.0383018 0.0367647 0.04039 0.034965 0.038961 0.0394798 0.0398517 0.0374883 0.0381497 0.0352113 0.0357962 0.0363636 0.0349221 0.0385852 
  0.0374883 0.0384437 0.04 0.0387308 0.0392435 0.0372072 0.0351598 0.0345941 0.0396086 0.04039 0.0398333 0.0337338 0.0351453 0.0336871 0.0340074 0.04039 0.034965 0.0375696 0.0371575 0.0347544 0.0370197 0.0348116 0.0361502 0.0399266 0.0358852 0.0377537 0.0390446 
Iteration 1 logProb=-164771.72914
Iteration 2 logProb=-140957.88442
Iteration 3 logProb=-140957.87876
Iteration 4 logProb=-140957.87311
Iteration 5 logProb=-140957.86745
Iteration 6 logProb=-140957.86181
Iteration 7 logProb=-140957.85616
Iteration 8 logProb=-140957.85051
Iteration 9 logProb=-140957.84486
Iteration 10 logProb=-140957.83919
Iteration 11 logProb=-140957.83352
Iteration 12 logProb=-140957.82782
Iteration 13 logProb=-140957.82211
Iteration 14 logProb=-140957.81637
Iteration 15 logProb=-140957.81060
Iteration 16 logProb=-140957.80479
Iteration 17 logProb=-140957.79894
Iteration 18 logProb=-140957.79303
Iteration 19 logProb=-140957.78707
Iteration 20 logProb=-140957.78104
Iteration 21 logProb=-140957.77494
Iteration 22 logProb=-140957.76876
Iteration 23 logProb=-140957.76249
Iteration 24 logProb=-140957.75612
Iteration 25 logProb=-140957.74965
Iteration 26 logProb=-140957.74306
Iteration 27 logProb=-140957.73634
Iteration 28 logProb=-140957.72948
Iteration 29 logProb=-140957.72247
Iteration 30 logProb=-140957.71530
Iteration 31 logProb=-140957.70796
Iteration 32 logProb=-140957.70044
Iteration 33 logProb=-140957.69271
Iteration 34 logProb=-140957.68477
Iteration 35 logProb=-140957.67660
Iteration 36 logProb=-140957.66819
Iteration 37 logProb=-140957.65952
Iteration 38 logProb=-140957.65058
Iteration 39 logProb=-140957.64133
Iteration 40 logProb=-140957.63178
Iteration 41 logProb=-140957.62188
Iteration 42 logProb=-140957.61163
Iteration 43 logProb=-140957.60099
Iteration 44 logProb=-140957.58996
Iteration 45 logProb=-140957.57848
Iteration 46 logProb=-140957.56655
Iteration 47 logProb=-140957.55413
Iteration 48 logProb=-140957.54118
Iteration 49 logProb=-140957.52768
Iteration 50 logProb=-140957.51359
Iteration 51 logProb=-140957.49886
Iteration 52 logProb=-140957.48346
Iteration 53 logProb=-140957.46734
Iteration 54 logProb=-140957.45046
Iteration 55 logProb=-140957.43276
Iteration 56 logProb=-140957.41419
Iteration 57 logProb=-140957.39469
Iteration 58 logProb=-140957.37421
Iteration 59 logProb=-140957.35267
Iteration 60 logProb=-140957.33000
Iteration 61 logProb=-140957.30614
Iteration 62 logProb=-140957.28100
Iteration 63 logProb=-140957.25450
Iteration 64 logProb=-140957.22655
Iteration 65 logProb=-140957.19705
Iteration 66 logProb=-140957.16590
Iteration 67 logProb=-140957.13298
Iteration 68 logProb=-140957.09819
Iteration 69 logProb=-140957.06140
Iteration 70 logProb=-140957.02246
Iteration 71 logProb=-140956.98122
Iteration 72 logProb=-140956.93752
Iteration 73 logProb=-140956.89117
Iteration 74 logProb=-140956.84199
Iteration 75 logProb=-140956.78973
Iteration 76 logProb=-140956.73414
Iteration 77 logProb=-140956.67496
Iteration 78 logProb=-140956.61185
Iteration 79 logProb=-140956.54446
Iteration 80 logProb=-140956.47238
Iteration 81 logProb=-140956.39514
Iteration 82 logProb=-140956.31223
Iteration 83 logProb=-140956.22303
Iteration 84 logProb=-140956.12687
Iteration 85 logProb=-140956.02297
Iteration 86 logProb=-140955.91042
Iteration 87 logProb=-140955.78821
Iteration 88 logProb=-140955.65514
Iteration 89 logProb=-140955.50986
Iteration 90 logProb=-140955.35079
Iteration 91 logProb=-140955.17610
Iteration 92 logProb=-140954.98364
Iteration 93 logProb=-140954.77093
Iteration 94 logProb=-140954.53504
Iteration 95 logProb=-140954.27248
Iteration 96 logProb=-140953.97917
Iteration 97 logProb=-140953.65020
Iteration 98 logProb=-140953.27969
Iteration 99 logProb=-140952.86057
Iteration 100 logProb=-140952.38423
Final pi:
0.00000 0.00002 0.00000 0.00063 0.00000 0.00000 0.00000 0.00000 0.00000 0.00000 0.00009 0.00000 0.00000 0.00000 0.00000 0.00000 0.99915 0.00000 0.00002 0.00000 0.00002 0.00000 0.00004 0.00001 0.00001 0.00000 0.00000 , sum=1.00000
Final A:
0.03522 0.03842 0.03458 0.03317 0.03742 0.03625 0.03605 0.03500 0.03959 0.03919 0.03907 0.03621 0.04175 0.03572 0.03918 0.03387 0.03783 0.03693 0.03798 0.03386 0.03878 0.03761 0.03623 0.03844 0.03950 0.03705 0.03509 , sum=1.00000
0.03637 0.03456 0.03770 0.04004 0.03907 0.03315 0.03523 0.03286 0.04019 0.03657 0.04101 0.03728 0.03579 0.03524 0.03278 0.03766 0.03347 0.03933 0.03704 0.03594 0.03758 0.03548 0.04046 0.03969 0.03960 0.03703 0.03886 , sum=1.00000
0.04101 0.03834 0.03439 0.03546 0.03436 0.03850 0.03565 0.03682 0.03866 0.02948 0.04045 0.03913 0.03811 0.03927 0.03612 0.02988 0.04201 0.03691 0.03571 0.03754 0.03619 0.03960 0.03826 0.03847 0.03757 0.03836 0.03375 , sum=1.00000
0.04170 0.03903 0.03795 0.03931 0.03454 0.03228 0.03810 0.03844 0.03676 0.03755 0.03637 0.03681 0.03474 0.03696 0.03864 0.03416 0.03528 0.03308 0.03711 0.04045 0.03641 0.03591 0.03355 0.04036 0.03756 0.04007 0.03690 , sum=1.00000
0.04048 0.04027 0.03523 0.03609 0.03214 0.03526 0.03668 0.03651 0.03633 0.02915 0.04231 0.04162 0.03563 0.03716 0.03562 0.03369 0.04680 0.03538 0.03540 0.03564 0.03429 0.03442 0.04116 0.04090 0.03869 0.03904 0.03408 , sum=1.00000
0.03961 0.03856 0.03952 0.03746 0.03762 0.03484 0.03277 0.03604 0.03724 0.03739 0.03573 0.03742 0.03728 0.03815 0.03707 0.03845 0.03744 0.03559 0.03534 0.03607 0.03882 0.03869 0.03933 0.03558 0.03539 0.03439 0.03822 , sum=1.00000
0.03295 0.03819 0.03869 0.03725 0.03483 0.03485 0.03890 0.03646 0.03334 0.04008 0.04013 0.03405 0.03860 0.03560 0.03982 0.03706 0.03458 0.03677 0.03758 0.03681 0.03777 0.03809 0.03949 0.03569 0.03616 0.03554 0.04073 , sum=1.00000
0.03225 0.03463 0.04102 0.03511 0.04058 0.03533 0.03627 0.03385 0.03672 0.03694 0.03526 0.03463 0.03462 0.03938 0.03757 0.04109 0.03853 0.03938 0.04086 0.03290 0.03873 0.03863 0.03681 0.03963 0.03494 0.03410 0.04024 , sum=1.00000
0.03622 0.03568 0.03852 0.03871 0.03606 0.03521 0.03532 0.03338 0.03834 0.03372 0.03502 0.04136 0.03417 0.03965 0.04132 0.03326 0.03579 0.03271 0.03547 0.03843 0.03900 0.03648 0.03767 0.04144 0.03841 0.04042 0.03823 , sum=1.00000
0.04180 0.03618 0.03406 0.03533 0.02862 0.03451 0.03575 0.03684 0.03494 0.03060 0.04161 0.03983 0.03240 0.04226 0.03818 0.02772 0.04796 0.03543 0.03826 0.04209 0.03483 0.03566 0.03804 0.04164 0.03953 0.04032 0.03563 , sum=1.00000
0.04200 0.04045 0.03641 0.03553 0.03360 0.03366 0.03602 0.03653 0.03829 0.03268 0.04148 0.04271 0.03752 0.03438 0.03826 0.03198 0.03863 0.03813 0.03457 0.03581 0.03677 0.03477 0.03623 0.03892 0.04191 0.03530 0.03745 , sum=1.00000
0.03005 0.03236 0.04049 0.03672 0.04603 0.04033 0.03630 0.03172 0.03297 0.04252 0.03329 0.03663 0.04240 0.03646 0.03787 0.04240 0.03604 0.03767 0.04075 0.03648 0.03842 0.03330 0.03851 0.03779 0.03035 0.03633 0.03581 , sum=1.00000
0.03671 0.03913 0.04054 0.03806 0.04161 0.03454 0.03575 0.03345 0.03404 0.03982 0.03581 0.03808 0.03872 0.03317 0.03356 0.03772 0.03707 0.04020 0.03378 0.03556 0.04077 0.03865 0.03393 0.03573 0.03872 0.03721 0.03770 , sum=1.00000
0.03275 0.03835 0.03966 0.03532 0.04408 0.04064 0.03734 0.03467 0.03368 0.04211 0.03309 0.03128 0.03389 0.03568 0.03743 0.04388 0.03427 0.03583 0.03890 0.03436 0.03818 0.03676 0.04048 0.04085 0.03250 0.03398 0.04004 , sum=1.00000
0.03240 0.03454 0.03586 0.03576 0.04630 0.04034 0.03446 0.03328 0.03897 0.03988 0.03656 0.03437 0.03831 0.03666 0.03288 0.04165 0.03424 0.03737 0.04067 0.03776 0.03575 0.04026 0.03570 0.03780 0.03380 0.03670 0.03773 , sum=1.00000
0.04033 0.04141 0.03834 0.03881 0.03086 0.03342 0.03647 0.03454 0.04203 0.03327 0.04096 0.03909 0.03190 0.03627 0.03371 0.02988 0.03965 0.03638 0.03660 0.03643 0.03681 0.03676 0.03738 0.03950 0.04115 0.03960 0.03846 , sum=1.00000
0.03821 0.03810 0.04112 0.04161 0.04222 0.04115 0.03407 0.03172 0.03811 0.04876 0.03456 0.03264 0.03231 0.03082 0.03291 0.04469 0.03011 0.03928 0.03464 0.03825 0.03760 0.03140 0.03510 0.03474 0.03598 0.03750 0.04240 , sum=1.00000
0.03926 0.03424 0.03687 0.03816 0.03625 0.03856 0.03497 0.03477 0.03743 0.03354 0.03520 0.03804 0.03789 0.03936 0.03413 0.03700 0.04136 0.03592 0.03946 0.03809 0.03832 0.03767 0.03563 0.03416 0.03571 0.03932 0.03871 , sum=1.00000
0.03270 0.03535 0.03960 0.03914 0.04261 0.03474 0.03738 0.03750 0.03616 0.03842 0.04009 0.03480 0.03463 0.03433 0.03203 0.04343 0.03279 0.03731 0.03424 0.03494 0.03927 0.03418 0.03710 0.04130 0.03610 0.03943 0.04042 , sum=1.00000
0.03489 0.03539 0.04348 0.03813 0.04252 0.03442 0.03157 0.03433 0.03666 0.04119 0.03415 0.03388 0.03918 0.03474 0.03720 0.04711 0.03327 0.04073 0.03803 0.02979 0.03488 0.03641 0.03946 0.03605 0.03734 0.03815 0.03704 , sum=1.00000
0.03646 0.04003 0.04047 0.03591 0.04079 0.03685 0.03437 0.03625 0.03793 0.03735 0.03600 0.03615 0.04012 0.03976 0.03520 0.03752 0.03340 0.03453 0.03831 0.03522 0.03416 0.03748 0.03396 0.03545 0.03679 0.03908 0.04046 , sum=1.00000
0.03229 0.03494 0.04299 0.03354 0.04414 0.03531 0.03299 0.03752 0.03409 0.04429 0.03346 0.03752 0.03760 0.03832 0.03210 0.04487 0.03421 0.04115 0.03764 0.03064 0.03928 0.03693 0.03918 0.03352 0.03412 0.03531 0.04206 , sum=1.00000
0.03621 0.03753 0.03694 0.03767 0.04261 0.03862 0.03712 0.03773 0.03421 0.03713 0.03328 0.03466 0.03864 0.03455 0.03927 0.03783 0.03289 0.03774 0.03528 0.03641 0.03811 0.04192 0.03810 0.03483 0.03547 0.03789 0.03734 , sum=1.00000
0.03701 0.03580 0.03730 0.03664 0.03352 0.03551 0.03763 0.03467 0.03953 0.03475 0.03986 0.03686 0.03949 0.03665 0.03569 0.03716 0.04047 0.03436 0.03694 0.03650 0.03598 0.04006 0.03973 0.03713 0.03806 0.03603 0.03667 , sum=1.00000
0.03831 0.03578 0.03412 0.03660 0.04018 0.03696 0.03681 0.03890 0.03746 0.03584 0.03850 0.03773 0.04028 0.03591 0.03958 0.03588 0.03567 0.03831 0.03317 0.03934 0.03647 0.04003 0.03480 0.03708 0.03675 0.03516 0.03441 , sum=1.00000
0.03733 0.03627 0.03397 0.03976 0.03388 0.03739 0.03456 0.03830 0.03725 0.03363 0.03979 0.03815 0.03914 0.03370 0.03373 0.03385 0.03766 0.03606 0.03790 0.03387 0.03841 0.03522 0.04264 0.03938 0.03927 0.03804 0.04087 , sum=1.00000
0.04111 0.03776 0.03770 0.04018 0.03488 0.03561 0.04063 0.03888 0.03700 0.03251 0.03585 0.03927 0.03452 0.03507 0.03487 0.03405 0.03958 0.03376 0.03958 0.04000 0.03827 0.03515 0.03463 0.03846 0.03864 0.03589 0.03614 , sum=1.00000
Final B^T:
a 0.09358 0.09329 0.08209 0.09642 0.06845 0.07956 0.07806 0.08249 0.09070 0.06859 0.09663 0.08594 0.08524 0.08529 0.09020 0.07183 0.12926 0.07507 0.09218 0.08633 0.09006 0.07921 0.09353 0.09194 0.09338 0.08778 0.08386 
b 0.01405 0.01258 0.01055 0.01115 0.00866 0.01018 0.01141 0.01283 0.01254 0.00902 0.01289 0.01320 0.01002 0.01150 0.01165 0.00762 0.01202 0.01058 0.00965 0.01256 0.01042 0.01156 0.01094 0.01246 0.01261 0.01298 0.01074 
c 0.03140 0.03036 0.02646 0.02741 0.02816 0.02569 0.02780 0.03164 0.02764 0.02358 0.02806 0.02790 0.02816 0.02876 0.02579 0.02436 0.02811 0.03072 0.02699 0.02801 0.02848 0.02643 0.02725 0.02886 0.02974 0.02839 0.02569 
d 0.03214 0.03611 0.03085 0.03122 0.02970 0.03695 0.03528 0.03687 0.03068 0.02684 0.02937 0.03687 0.03354 0.03938 0.03534 0.03137 0.03977 0.03063 0.03962 0.03695 0.03360 0.03731 0.03061 0.02940 0.03322 0.03592 0.03123 
e 0.08564 0.09647 0.09964 0.09180 0.10754 0.10020 0.09084 0.10414 0.08932 0.09814 0.09000 0.10463 0.10554 0.11030 0.10515 0.11006 0.10661 0.10772 0.10938 0.09848 0.10442 0.10435 0.11229 0.09718 0.09078 0.08997 0.10592 
f 0.01818 0.02017 0.01583 0.01582 0.01404 0.01697 0.01901 0.01887 0.01700 0.01454 0.01830 0.01741 0.01623 0.01848 0.01652 0.01510 0.02005 0.01690 0.01762 0.02048 0.01698 0.02012 0.01527 0.01713 0.01898 0.01646 0.01663 
g 0.01538 0.01489 0.01367 0.01414 0.01156 0.01309 0.01309 0.01512 0.01340 0.01166 0.01311 0.01522 0.01267 0.01528 0.01395 0.01297 0.01396 0.01489 0.01372 0.01520 0.01257 0.01470 0.01368 0.01381 0.01515 0.01315 0.01172 
h 0.02994 0.03138 0.03649 0.02966 0.03909 0.03908 0.03595 0.03682 0.03473 0.03627 0.03176 0.03858 0.04203 0.04073 0.04037 0.03662 0.03022 0.03370 0.03868 0.03404 0.03473 0.04308 0.03752 0.03332 0.03186 0.03819 0.03213 
i 0.05526 0.05497 0.05656 0.06093 0.05724 0.05968 0.06224 0.05883 0.05399 0.05978 0.05412 0.06101 0.06237 0.05326 0.05996 0.05713 0.05349 0.05801 0.05553 0.05157 0.05768 0.05591 0.06526 0.05932 0.06349 0.05572 0.05893 
j 0.00210 0.00180 0.00153 0.00181 0.00118 0.00169 0.00186 0.00196 0.00199 0.00140 0.00202 0.00229 0.00172 0.00189 0.00174 0.00129 0.00208 0.00176 0.00145 0.00193 0.00159 0.00201 0.00171 0.00205 0.00214 0.00214 0.00149 
k 0.00416 0.00395 0.00355 0.00376 0.00367 0.00399 0.00430 0.00436 0.00441 0.00385 0.00383 0.00428 0.00401 0.00445 0.00460 0.00371 0.00424 0.00396 0.00407 0.00427 0.00442 0.00432 0.00389 0.00418 0.00429 0.00421 0.00350 
l 0.03904 0.03489 0.03163 0.03405 0.03702 0.03788 0.03813 0.03346 0.03590 0.03762 0.03319 0.03936 0.03997 0.03424 0.03681 0.03479 0.03394 0.03661 0.03554 0.03532 0.03744 0.03449 0.03234 0.03397 0.03410 0.03765 0.03478 
m 0.02028 0.01937 0.01780 0.01799 0.01763 0.01896 0.02099 0.01986 0.01815 0.01908 0.02166 0.01840 0.01710 0.01942 0.02032 0.01713 0.01742 0.01963 0.01737 0.01827 0.01856 0.01989 0.01919 0.02050 0.01996 0.01944 0.01985 
n 0.05170 0.05945 0.05844 0.05780 0.05987 0.05538 0.05594 0.05907 0.05336 0.06019 0.05095 0.05220 0.05918 0.05898 0.05434 0.05677 0.05071 0.05633 0.05136 0.06365 0.06193 0.06297 0.05114 0.05253 0.05511 0.05383 0.05558 
o 0.06479 0.05803 0.05949 0.06087 0.05645 0.06079 0.06935 0.06062 0.06363 0.05948 0.06582 0.06044 0.06690 0.06369 0.06345 0.06063 0.06174 0.06345 0.06036 0.05929 0.06366 0.06584 0.06569 0.05782 0.06424 0.05733 0.06384 
p 0.01973 0.01734 0.01748 0.01826 0.01612 0.01798 0.02055 0.01970 0.02043 0.01653 0.02197 0.02249 0.01671 0.02040 0.01737 0.01387 0.02077 0.01679 0.01618 0.01941 0.01635 0.01788 0.01681 0.01900 0.02000 0.01828 0.01865 
q 0.00085 0.00064 0.00070 0.00073 0.00060 0.00079 0.00071 0.00075 0.00076 0.00067 0.00068 0.00082 0.00064 0.00074 0.00068 0.00063 0.00070 0.00073 0.00065 0.00089 0.00072 0.00080 0.00070 0.00070 0.00079 0.00076 0.00062 
r 0.04688 0.04932 0.05051 0.05235 0.05515 0.05441 0.05191 0.05094 0.04568 0.05064 0.04437 0.05163 0.04825 0.04723 0.05098 0.05292 0.05149 0.05046 0.05190 0.05622 0.04765 0.04953 0.04806 0.04841 0.04841 0.04599 0.04689 
s 0.05568 0.05573 0.04668 0.05436 0.05135 0.05514 0.05857 0.05257 0.05795 0.05062 0.05565 0.05325 0.05763 0.05753 0.05585 0.05178 0.05778 0.05539 0.05675 0.05685 0.05011 0.05781 0.05119 0.05209 0.05048 0.06037 0.04984 
t 0.08576 0.07459 0.06990 0.07114 0.06331 0.07382 0.07869 0.08044 0.08062 0.06339 0.07419 0.09138 0.06858 0.07969 0.08029 0.06063 0.06958 0.06982 0.07368 0.08793 0.07686 0.08316 0.08246 0.08034 0.07981 0.07580 0.07199 
u 0.02097 0.01925 0.02288 0.02058 0.02062 0.02057 0.01960 0.02048 0.01960 0.02257 0.02046 0.02076 0.02345 0.02239 0.02465 0.02165 0.01945 0.02208 0.02232 0.01923 0.02120 0.02131 0.02113 0.01944 0.02260 0.01989 0.02271 
v 0.00764 0.00847 0.00787 0.00705 0.00840 0.00849 0.00827 0.00924 0.00701 0.00736 0.00776 0.00837 0.00716 0.00796 0.00822 0.00659 0.00696 0.00790 0.00722 0.00892 0.00787 0.00903 0.00787 0.00744 0.00772 0.00870 0.00741 
w 0.01369 0.01120 0.01101 0.01007 0.00806 0.01012 0.01241 0.01174 0.01154 0.00805 0.01399 0.01301 0.01076 0.01251 0.01148 0.00807 0.01225 0.01136 0.01098 0.01213 0.01013 0.01034 0.01014 0.01222 0.01261 0.01196 0.01024 
x 0.00227 0.00229 0.00264 0.00228 0.00293 0.00247 0.00229 0.00224 0.00245 0.00250 0.00233 0.00191 0.00215 0.00190 0.00204 0.00255 0.00192 0.00212 0.00230 0.00226 0.00211 0.00206 0.00213 0.00218 0.00206 0.00226 0.00236 
y 0.01231 0.01327 0.01030 0.01349 0.01138 0.01190 0.01299 0.01204 0.01139 0.01157 0.01148 0.01261 0.01392 0.01286 0.01301 0.01428 0.01419 0.01264 0.01457 0.01559 0.01382 0.01381 0.01140 0.01283 0.01139 0.01261 0.01142 
z 0.00051 0.00049 0.00045 0.00053 0.00056 0.00055 0.00060 0.00061 0.00046 0.00055 0.00046 0.00052 0.00055 0.00055 0.00054 0.00053 0.00045 0.00054 0.00055 0.00063 0.00051 0.00062 0.00046 0.00046 0.00044 0.00048 0.00049 
  0.17606 0.17970 0.21499 0.19435 0.22127 0.18368 0.16917 0.16231 0.19468 0.23550 0.19498 0.14551 0.16553 0.15057 0.15470 0.22512 0.14084 0.19020 0.16939 0.15362 0.17610 0.15146 0.16734 0.19043 0.17462 0.18974 0.20147 
Final logProb=-140952.38423
